# Signup IDs created 2026-09-09T17:15:04Z
# count=1000
47697
46542
61051
71927
59492
97566
69387
65053
53315
67760
69455
70932
69675
38485
72478
30423
35636
66998
11321
47069
53080
25757
96676
25769
30066
41286
74728
67745
98090
46654
93675
29037
47006
30786
74342
68073
36434
17447
65995
37472
94884
84890
93803
34317
28119
64552
51507
77042
28712
35656
65865
54266
80904
31994
48447
39554
56699
51159
76314
95629
15445
64399
85571
62007
30227
48366
92865
84552
10297
55287
46313
13178
88005
31385
73200
39416
38619
31431
65687
31545
53226
42521
26968
72569
84073
94698
41053
94453
18217
77486
11739
72192
84660
73714
21156
80243
15849
58154
71171
50338
32960
72652
10283
82822
97078
91216
53866
51726
67480
90899
28303
26253
87344
63058
22421
53431
69950
22004
32123
89293
66828
96403
74860
24318
60081
99900
28647
10312
64870
49074
43926
77945
16216
87330
66383
47678
82862
26919
66862
69386
88160
13710
37401
18012
53385
87380
41518
61643
55885
74983
82740
44786
54777
93877
62779
31562
29780
75830
77393
49769
94147
68874
45139
20934
25381
66203
31142
17764
77031
47374
30635
80126
18397
43638
74765
23943
67943
65847
55903
92392
76248
49747
92124
67566
21180
41422
38339
55386
31580
45214
15606
78756
70293
92302
74717
91836
49179
22468
67073
70112
93737
59368
73607
61628
86814
33315
29457
88031
44088
26440
25510
12284
81715
54397
49069
65817
97408
78550
84895
30574
10959
40955
56217
62614
83900
41827
18668
26910
86557
15559
62912
47812
15190
23623
16081
55197
47525
50970
27819
85154
24889
82913
98553
27395
62911
58604
65081
47133
52142
78851
49553
90212
61702
45333
85232
90067
57519
78590
16604
15932
88579
28457
81735
86478
60263
15475
50661
88530
35422
29628
75483
11087
17929
93541
93199
19632
43484
70584
29743
25487
90413
93216
15273
92015
65905
85409
71917
73047
51978
94323
16917
11106
40680
78440
60988
63618
88407
56625
37615
73070
57983
82620
66633
30972
80133
68451
98274
81789
67928
76624
47914
91846
50461
22997
41387
79734
67389
77462
84776
86942
56340
24018
54118
66701
24691
15030
11396
63375
36513
54738
51534
42383
14010
60114
88706
64141
40572
60589
42237
84019
53945
12515
91925
42654
61793
12074
12964
28802
21929
81198
79435
83048
44989
75795
68560
34636
92528
28689
92734
52915
20991
89395
87972
22666
59391
13651
11434
26391
18237
86447
43618
53910
79687
87383
93516
59504
61340
64788
12568
28040
71435
49923
70931
47151
44290
87707
84069
10975
99746
80085
63302
98663
37383
34563
36861
18348
35521
28600
52091
49803
72140
34791
56083
83490
28905
80326
83910
78031
23639
63381
89462
21299
25664
13566
31180
73371
87781
69706
43739
14346
81544
90335
97654
47704
98264
40684
92788
72654
97311
79114
69699
17544
82313
13602
92651
44383
20764
56745
55102
55315
83623
11050
75920
98122
26287
12020
85555
85446
12596
19489
57333
40138
72804
62495
42332
75014
53444
67505
60062
76382
91791
13041
76758
91065
61852
69697
52225
51425
16099
75028
42982
28581
41603
96077
63443
15682
80958
31824
32705
19978
14435
60992
37633
79760
36089
68501
93454
27287
15922
88760
14186
33783
55565
31912
51330
84855
38142
39026
98062
82084
98705
29750
44618
81056
70733
68391
14283
40331
90948
15055
69758
37253
38128
16343
40174
96974
19072
49298
95435
51340
61167
42658
80624
41250
12239
10565
61965
54344
43582
57512
45638
55360
30799
72075
94167
57775
40427
54494
48107
28305
13082
61730
41031
45984
46067
12479
80868
60483
50494
40001
72796
23109
92624
97287
88250
30549
95151
33389
50762
74593
72607
25969
94521
93585
24881
12168
38830
54657
61949
22931
34324
14338
93547
92646
60562
61375
51960
23560
14499
41943
11671
93835
74815
88314
93053
62176
74705
78806
19238
73247
79573
64117
21392
95213
15765
54009
16680
33385
42150
85147
77823
73957
57556
77908
40616
81849
14900
64221
26670
62947
28770
75879
31411
56791
35097
12522
51966
51205
81328
29230
40437
39930
51257
25394
73282
89677
98166
12468
97870
14717
80834
76072
28985
55058
55651
62965
71743
98917
76527
64444
35487
35233
44823
15796
72098
98809
10671
82682
60658
54626
32186
99889
45770
41526
63145
53091
88334
73571
76299
83548
52950
24353
48989
72150
30378
68787
60954
91043
61838
86711
40564
73149
22179
86800
22296
99456
76209
40316
52444
94379
55721
83852
50886
31313
43859
36693
33636
99708
56245
52020
76810
86481
41400
49278
47907
69233
99367
43908
45055
72473
57412
87855
22644
65750
79883
31650
39099
27903
44612
14802
64662
28952
74394
12410
45906
35025
72458
69039
83976
56906
41375
90331
54972
85723
82562
34600
87081
24366
39345
79181
58408
57959
39230
70167
11388
93339
89359
72702
88909
30225
37183
91822
94367
24893
73953
46763
21839
36416
84705
75858
16501
17709
67309
92887
41146
17637
23347
87998
10465
22138
83190
52550
80289
69308
66746
71969
75138
48075
29712
88685
75811
63399
88893
51979
11454
32051
71413
70659
53756
77561
30589
82120
74180
26853
23018
21530
44556
19316
94173
56108
60636
93969
65807
25581
40870
82511
79143
62301
37826
36985
15142
93653
73086
15285
84947
28803
72305
16184
85302
46947
31762
49030
13201
27922
79423
48309
99468
61460
79003
98174
33878
34155
42968
70960
26097
47284
45843
68257
66320
54036
95786
39451
18184
14430
13469
35341
21252
82499
41323
97539
87935
49245
72224
77386
91665
79138
72290
72137
34838
42130
94419
45117
63166
16058
75897
90352
70827
54326
50026
10391
49563
31202
96779
44708
67869
20951
22074
66293
18234
81586
34719
39663
88673
62078
70797
51438
16502
85949
23595
23418
44180
14329
79600
23438
97881
17632
28312
89745
45779
32712
66713
52190
30944
97661
12044
95493
58078
39981
83792
23766
96544
69016
95845
81346
26034
45711
10328
31983
85793
18992
94892
12101
33231
24697
46376
41209
60828
54224
60235
69643
79816
37176
47890
75403
26059
61199
46268
88028
90382
12790
91581
51870
64181
27727
38873
59097
22781
18792
24539
98855
42512
46830
81120
86034
74500
87710
80647
33992
64978
91378
89636
23464
28070
13955
18014
65365
50240
79175
46300
79237
87398
26856
32294
77939
11279
33370
50769
74164
61215
26847
15222
79225
97860
26272
22872
12499
66244
74575
33043
21502
15075
82037
83211
47679
92807
17262
86951
70507
49890
46535
18387
87971
22806
79231
89706
81981
23849
73623
11622
73146
